[[-7.95992238e-03 -1.57679230e-04]
 [ 2.01496850e-02  3.29803910e-03]
 [ 9.06982602e-03 -1.69651275e-03]
 [-1.74181612e-02 -3.13283885e-02]
 [-3.52776788e-02 -4.63620808e-02]
 [-2.61644893e-02 -1.53854513e-02]
 [ 5.79900119e-03  8.96017090e-03]
 [ 2.53428511e-02 -1.57011871e-02]
 [ 2.18042800e-02 -4.73804681e-02]
 [-1.25256275e-02 -4.02192403e-02]
 [-3.17894324e-02 -3.83636299e-03]
 [-1.89374840e-02  4.33772616e-03]
 [-9.62573739e-03 -1.44590723e-02]
 [-8.50400404e-03 -3.12940192e-02]
 [-1.17784765e-02 -2.42053381e-02]
 [ 1.54863133e-02 -1.00177376e-02]
 [ 4.71993088e-02  8.92702037e-03]
 [ 3.59843426e-02  1.43476702e-02]
 [-1.06191620e-02  3.07818476e-02]
 [-3.39960658e-02  6.87519676e-02]
 [-3.34929504e-02  5.86404204e-02]
 [-2.83827271e-02  2.32521434e-03]
 [-1.08457522e-02 -5.18008865e-02]
 [-2.73694439e-02 -7.52950555e-02]
 [-4.24024833e-02 -5.53705650e-02]
 [-2.98170382e-02  8.04228991e-04]
 [-1.71212530e-02  3.01500009e-02]
 [-3.66818182e-03  2.77320696e-02]
 [-1.16281159e-02  7.27818326e-03]
 [-1.54353472e-02 -1.65144824e-02]
 [-2.96819855e-03 -1.81287239e-02]
 [ 8.49603299e-03  2.18607319e-02]
 [ 7.80928413e-03  3.71453362e-02]
 [-8.25493618e-03  6.10479258e-04]
 [ 1.68713384e-02 -9.10024792e-02]
 [ 8.24322845e-02 -7.10802469e-02]
 [ 4.94493721e-02  1.44425279e-02]
 [-4.08888160e-02  1.42076261e-02]
 [-8.63258318e-02 -2.33321917e-02]
 [-5.04468106e-02 -2.12394147e-02]
 [ 3.81160093e-02  1.79904242e-03]
 [ 7.94745108e-02 -5.06914616e-02]
 [ 9.62350800e-03 -8.55248514e-02]
 [-4.58800360e-02 -3.40675249e-02]
 [-4.24397141e-03  4.58518439e-02]
 [ 3.06994248e-02  8.64486962e-02]
 [ 4.17740854e-03  6.20273654e-02]
 [-2.79845657e-02  1.99395723e-02]
 [-2.35717146e-02 -3.24221115e-03]
 [-9.74420803e-03  1.56445964e-02]
 [-5.46103705e-03  3.31610859e-03]
 [-6.09080582e-03 -2.54047341e-02]
 [-4.40318871e-03 -2.82874821e-02]
 [ 1.24675293e-02 -8.89893725e-03]
 [ 5.69956752e-02  1.99972525e-02]
 [ 8.38215330e-02  4.68531378e-03]
 [ 8.01758228e-02 -1.62894684e-02]
 [ 4.99828721e-02  1.68302232e-02]
 [ 2.61603544e-03  3.03423975e-02]
 [-1.14946838e-02 -9.17468695e-04]
 [-9.38942631e-03 -3.28479661e-02]
 [-2.04741912e-02 -3.98606839e-02]
 [-1.04090220e-02 -2.13499243e-02]
 [ 5.05358601e-03  7.82192576e-03]
 [ 2.56836363e-02  5.55623052e-02]
 [ 8.00545422e-03  7.28985048e-02]
 [-3.05391936e-02  2.69110292e-02]
 [-2.25537603e-02  3.11747742e-03]
 [ 2.12605059e-02  1.33629725e-02]
 [ 6.63405297e-02  2.72515078e-02]
 [ 6.60933843e-02  5.52311608e-03]
 [ 4.50022815e-02 -1.65225628e-03]
 [ 2.03807444e-02  1.85145352e-02]
 [ 3.46437703e-03  2.93012861e-02]
 [-9.77119497e-04 -8.66650023e-03]
 [-5.87782232e-03 -4.48538452e-02]
 [-8.68390069e-03 -2.53205596e-02]
 [-4.91864027e-03  3.47269769e-02]
 [ 1.37840358e-03  5.79777230e-02]
 [ 5.65011280e-03  2.08310804e-02]
 [-4.31504730e-03 -1.89115486e-02]
 [ 1.66600043e-03 -1.29606203e-02]
 [ 4.96078372e-02  2.05799121e-03]
 [ 7.98878743e-02 -1.85389627e-02]
 [ 5.49525896e-02 -4.48560682e-02]
 [ 2.62086679e-03 -3.28212965e-02]
 [-1.60935487e-02 -2.43949176e-02]
 [ 1.07069152e-02 -4.11047559e-02]
 [ 2.26781904e-02 -4.48582759e-02]
 [-1.27359416e-02 -1.63316764e-02]
 [-3.73589888e-02  2.76044387e-02]
 [-1.30582697e-04  4.57263439e-02]
 [ 1.06610948e-02  2.61801820e-02]
 [-2.32996779e-02 -1.21965728e-02]
 [-8.66133159e-02 -4.00904208e-02]
 [-5.56897522e-02 -2.29645471e-02]
 [-2.33886946e-03  3.71279157e-02]
 [-2.79078219e-02  9.69363686e-02]
 [-6.69097973e-02  7.42029416e-02]
 [-2.92377405e-02  2.00012222e-03]
 [ 1.87755114e-02 -1.52680477e-02]
 [ 3.07918307e-02 -1.29536957e-02]
 [ 3.90186558e-02 -6.12013001e-03]
 [ 4.42030377e-02 -1.38463036e-02]
 [ 3.09335150e-02 -1.21836659e-02]
 [ 1.58693215e-02  3.89341149e-03]
 [ 3.28772153e-02  1.35042259e-02]
 [ 8.21428396e-02  3.23646057e-02]
 [ 8.49961204e-02  4.96822605e-02]
 [ 1.96748911e-02  4.11468450e-02]
 [-2.60093352e-02  1.38328854e-02]
 [-1.60649992e-02 -4.10645344e-04]
 [ 4.57510224e-04 -8.21734053e-03]
 [-1.10288915e-02 -1.00121539e-02]
 [-3.99622712e-02 -2.36454380e-02]
 [-2.96599971e-02 -3.30323513e-02]
 [ 1.16856151e-02 -8.07241069e-03]
 [ 2.01628889e-02  1.73429944e-02]
 [-2.24862929e-02  3.59864736e-02]
 [-5.96218915e-02  4.67118263e-02]
 [-2.71525031e-02  5.92938453e-02]
 [ 2.18984941e-02  4.38402916e-02]
 [ 1.48968317e-02 -8.60582093e-03]
 [ 1.39606764e-03 -7.57372279e-02]
 [ 2.37936649e-03 -9.58969435e-02]
 [ 1.16556947e-02 -2.52159884e-02]
 [-3.18778039e-03  5.36001134e-02]
 [-2.40413181e-03  2.81696011e-02]
 [ 3.74465369e-02 -1.96508220e-02]
 [ 1.22002283e-01 -5.66797482e-02]
 [ 1.15167040e-01 -2.98943095e-02]
 [ 2.82456589e-02  6.52423226e-03]
 [-6.05082572e-03  2.16805411e-02]
 [ 1.31906104e-02  3.61929495e-02]
 [ 9.29919813e-03  3.09889413e-02]
 [-6.64250874e-03  4.04325447e-02]
 [-1.85657430e-02  3.87980537e-02]
 [-1.83350315e-02  4.88456013e-02]
 [-1.79987853e-02  2.31808500e-02]
 [-2.54120217e-03 -2.16259040e-02]
 [ 6.21414912e-02 -8.11545669e-02]
 [ 7.05537677e-02 -6.54092528e-02]
 [-6.11266035e-03  2.66150576e-02]
 [-2.87933226e-02  8.57593987e-02]
 [ 2.13405546e-02  4.31552353e-02]
 [ 4.31856569e-02 -1.24246129e-02]
 [ 7.17911321e-03 -3.91881861e-04]
 [-1.60883782e-02  5.50421339e-02]
 [ 1.11302718e-02  7.08018887e-02]
 [ 9.96463343e-03  2.47620345e-02]
 [ 2.57464405e-02 -1.99931024e-02]
 [ 7.76505706e-02 -3.60275049e-02]
 [ 1.10334786e-01 -4.20208687e-02]
 [ 7.05740783e-02 -2.39166001e-02]
 [ 2.43112471e-02 -1.03773921e-02]
 [ 3.68975240e-02  1.23345043e-02]
 [ 5.27350575e-02  3.19727351e-02]
 [ 1.88950221e-02  2.61140072e-02]
 [-3.29794556e-02  1.17867867e-02]
 [-3.20687989e-02  1.12393564e-02]
 [ 1.36868880e-02  9.86008410e-03]
 [ 4.75321728e-02  6.32304192e-03]
 [ 2.42534658e-02 -1.10664123e-02]
 [-5.83149847e-04 -9.54599828e-03]
 [ 1.13860047e-02  2.29044439e-02]
 [ 3.42744344e-02  6.05670221e-02]
 [ 5.54489193e-03  3.28226363e-02]
 [-1.86845244e-02 -5.89507030e-02]
 [-1.55694356e-02 -1.04907844e-01]
 [ 3.05868801e-02 -6.78322098e-02]
 [ 4.16402320e-02 -1.73060825e-02]
 [ 4.44196859e-02  2.85296759e-03]
 [ 3.82881148e-02  1.83585536e-02]
 [ 3.00396327e-02  1.49471114e-02]
 [-4.71976224e-03  9.67955328e-03]
 [-4.53632093e-02  1.58853735e-02]
 [-1.04564188e-01  4.37148604e-02]
 [-1.05983545e-01  6.52518359e-03]
 [-3.54438954e-02 -5.20265335e-02]
 [ 1.59349275e-02 -8.63837681e-02]
 [ 2.48066727e-02 -1.01661341e-01]
 [ 3.65062655e-02 -8.23681425e-02]
 [ 4.85337642e-02 -1.78670972e-02]
 [ 4.58458731e-02  3.10726372e-02]
 [ 2.03945738e-02  2.19915481e-02]
 [-1.70873158e-04 -5.93253425e-02]
 [-1.38282673e-02 -1.24763774e-01]
 [-2.38304062e-03 -8.21592045e-02]
 [-1.26223062e-03 -3.07463847e-02]
 [-1.01602509e-02 -1.40772737e-02]
 [-2.78395095e-02 -1.45865571e-02]
 [-2.76044433e-02  1.27063205e-02]
 [-4.39382075e-04  3.36658492e-02]
 [ 1.29322655e-02  1.76749903e-02]
 [ 8.48824526e-03 -1.07211744e-02]
 [ 7.22158693e-03  8.96300754e-04]
 [ 1.44525477e-02  3.12144540e-02]
 [ 2.13568055e-02  1.49931146e-02]
 [ 1.08668678e-02 -4.79326607e-02]
 [ 6.85539122e-04 -9.42665170e-02]
 [ 1.35367258e-02 -6.67669930e-02]
 [ 4.13741887e-02 -3.37109596e-02]
 [ 4.77732618e-02 -2.49876981e-02]
 [ 3.94119736e-02 -1.39230386e-02]
 [ 2.31478929e-02  3.44123314e-02]
 [ 4.17770550e-03  2.95165688e-02]
 [ 3.16789329e-05 -2.55755763e-02]
 [-4.38648879e-03 -4.86699118e-02]
 [ 7.83848918e-03  1.36340762e-03]
 [ 4.03809233e-02  2.19403466e-02]
 [ 5.20029617e-02 -4.21484321e-03]
 [ 2.30099628e-02 -4.80719985e-02]
 [-1.07547579e-02 -6.09441081e-02]
 [-1.81699056e-02 -3.76119567e-02]
 [-2.85565311e-02 -3.61624012e-02]
 [-3.70971990e-02 -5.20262602e-02]
 [-1.96748236e-02 -3.09235991e-02]
 [-2.04630788e-02 -8.33664828e-03]
 [-7.97703782e-03 -1.62778315e-02]
 [-6.60246613e-03 -4.12457543e-02]
 [-5.26877891e-03 -4.07976238e-02]
 [ 8.65110045e-03 -1.62784871e-02]
 [ 9.20171771e-03 -1.15470910e-02]
 [ 9.12664735e-03 -2.78951864e-02]
 [ 3.36127222e-03 -3.55829071e-02]
 [ 1.82823708e-02 -4.39322452e-02]
 [ 3.76957866e-02 -5.65390554e-02]
 [-5.31382750e-03 -6.22596335e-02]
 [-9.15190345e-02 -4.06478005e-02]
 [-9.49568016e-02 -3.93326320e-02]
 [ 7.35777438e-04 -7.51469940e-02]
 [ 3.20635953e-02 -5.09243272e-02]
 [-1.01248251e-02  2.47602159e-02]
 [-8.96315062e-03  6.78538135e-02]
 [ 5.44921428e-02  1.93375173e-02]
 [ 6.38848854e-02 -4.66549149e-02]
 [ 2.10019595e-02 -4.49181898e-02]
 [-1.96696723e-03 -5.49633320e-02]
 [ 3.57427574e-03 -1.07165239e-01]
 [-3.43113269e-03 -9.46599433e-02]
 [-6.00514233e-04 -4.97593632e-03]
 [ 7.97174500e-03  4.50103289e-02]
 [-5.78972485e-03  3.54290414e-02]
 [-4.16507983e-02  1.46778022e-03]
 [-5.09888954e-02  5.18846227e-03]
 [-2.33381353e-02  1.75835795e-02]
 [ 2.87832446e-02  1.66644348e-02]
 [ 3.03127708e-02 -1.32672541e-02]
 [ 1.31168811e-02 -2.45131396e-02]
 [-1.09875972e-02 -4.66037859e-03]
 [-1.95658613e-02  1.77515667e-02]
 [-1.94168067e-02  7.50528139e-03]
 [ 1.10376513e-02 -4.37768459e-02]
 [ 5.33816374e-02 -8.79575704e-02]
 [ 5.00296045e-02 -7.44477879e-02]
 [ 6.37872499e-03 -4.42323204e-02]
 [ 2.74694136e-02 -3.37248729e-02]
 [ 7.79250588e-02 -3.67681032e-05]
 [ 6.57242260e-02  6.31170656e-02]
 [-1.63435883e-02  4.81650446e-02]
 [-3.47240571e-02 -4.30365302e-03]
 [-8.45705019e-03 -2.17020346e-02]
 [ 4.03324407e-02  2.52877778e-02]
 [ 6.89469103e-02  4.10292948e-02]
 [ 6.15172219e-02  9.09804853e-03]
 [ 2.26276005e-02 -3.39750822e-02]
 [-1.21289154e-02 -2.09197606e-02]
 [-3.66118444e-03  2.85920581e-02]
 [ 2.08402312e-02  5.06263068e-02]
 [ 2.10498766e-02  2.81459218e-02]
 [-4.22733483e-03 -2.78276725e-03]
 [-1.72682171e-02 -4.91704115e-03]
 [ 1.22765619e-02  6.54207649e-03]
 [ 3.55696313e-02  8.89385782e-04]
 [ 1.32525335e-02 -8.72208134e-03]
 [-6.10431317e-02  2.06612929e-03]
 [-6.85567962e-02 -1.46097451e-03]
 [ 2.97841252e-03 -4.47482394e-02]
 [ 4.26111889e-02 -6.04022677e-02]
 [-4.14146629e-03 -3.20340375e-02]
 [-2.88996324e-02  5.79793809e-03]
 [-3.67672091e-03 -1.06621859e-02]
 [ 9.12208566e-03 -3.21321342e-02]
 [-1.62504211e-02 -2.87157951e-02]
 [-3.52333121e-02 -1.73848625e-02]
 [-9.78872447e-03 -1.53980643e-02]
 [ 5.14929336e-02 -6.59501147e-03]
 [ 8.63933253e-02  3.27712389e-02]
 [ 6.14421677e-02  6.53554036e-02]
 [ 4.18653478e-02  4.20606275e-02]
 [ 3.79234422e-02  3.97797700e-02]
 [ 1.60114988e-03  5.76967555e-02]
 [-3.04960981e-02  3.46310360e-02]
 [-2.66282126e-02 -6.56707794e-03]
 [ 1.44804188e-02 -5.00432870e-04]
 [ 1.39539552e-02  5.26115254e-02]
 [-9.80197914e-03  7.72904826e-02]
 [-9.49386710e-05  6.96312430e-02]
 [ 2.92004235e-02  4.35445333e-02]
 [ 1.46191258e-03  1.84405324e-02]
 [-4.84755579e-02 -1.18100840e-02]
 [-4.68667904e-02 -2.26065729e-02]
 [-2.56663683e-04  2.06832989e-02]
 [ 4.24610688e-02  6.02440857e-02]
 [ 2.25601525e-02  3.76447849e-02]
 [-1.23409647e-02 -1.86201718e-02]
 [-3.27044233e-03 -3.37673056e-02]
 [ 1.21204330e-02 -1.22087281e-02]
 [ 3.40936500e-02 -1.84992473e-02]
 [ 1.09286251e-02 -6.51865575e-02]
 [-3.28082425e-02 -4.63387281e-02]
 [-6.33150792e-02  1.91869854e-02]
 [-4.33445292e-02  3.41260760e-02]
 [-2.06461441e-02 -8.96424231e-03]
 [-1.76017148e-02 -5.26859619e-02]
 [-1.36255736e-02 -2.93952657e-02]
 [ 1.53793179e-02  1.79172517e-02]
 [ 4.03118227e-02  4.95611953e-02]
 [ 2.67089944e-02  3.03630345e-02]
 [-6.40684643e-03 -1.67859668e-02]
 [-2.99413613e-02 -1.98529085e-02]
 [-3.13073497e-02  4.27150737e-03]
 [ 1.66378645e-03  3.08344401e-02]
 [ 3.33673369e-02  3.37122384e-02]
 [ 1.09986853e-02  7.60454872e-03]
 [-3.17624642e-02 -2.80916587e-02]
 [-7.28428732e-02 -3.71503750e-02]
 [-6.97600908e-02 -2.81718546e-02]
 [-5.25606531e-02 -3.79182300e-02]
 [-7.00593002e-02 -6.81210926e-02]
 [-6.08767673e-02 -4.40686974e-02]
 [-1.34282404e-02  5.93623619e-03]
 [ 3.29013244e-02 -2.91998568e-03]
 [ 4.92772045e-02 -6.13204092e-02]
 [ 3.11268685e-02 -6.28131550e-02]
 [ 1.18512206e-02  2.00252872e-02]
 [ 1.84206644e-02  5.20384291e-02]
 [-6.48148027e-03  1.58980255e-02]
 [-3.72839634e-02 -1.96998681e-02]
 [-5.58432669e-02 -2.52200794e-02]
 [-3.40488405e-02 -2.92346015e-02]
 [ 1.24309301e-03 -5.04554233e-02]
 [ 9.74590412e-03 -4.47140685e-02]
 [ 2.44210339e-02 -3.16165133e-02]
 [ 8.95888680e-02 -4.19922870e-02]
 [ 1.30811287e-01 -6.30035555e-02]
 [ 5.27632116e-02 -4.40226634e-02]
 [-2.30977426e-02 -7.77249826e-02]
 [-4.30914611e-02 -1.12430488e-01]
 [-3.25684460e-02 -8.08531934e-02]
 [-2.10951544e-02 -4.46228609e-02]
 [ 3.50103271e-02 -6.16253931e-02]
 [ 6.05223947e-02 -7.58128119e-02]
 [ 4.81942878e-03 -3.53533303e-02]
 [-6.80525766e-02  2.12845498e-02]
 [-8.09874152e-02  1.43379705e-02]
 [-2.44428619e-02 -2.27882266e-02]
 [ 2.24963430e-02 -1.90310587e-02]
 [ 2.33772406e-02  1.32536638e-02]
 [-1.47101197e-03  4.37192475e-02]
 [-2.19646382e-02  4.03903909e-02]
 [-4.45745332e-03  2.61176205e-02]
 [ 8.86852782e-03  2.31841957e-02]
 [-2.58062937e-03  4.30865296e-02]
 [-2.15907522e-02  6.08807836e-02]
 [-2.34176975e-02  1.51857547e-02]
 [-8.51944122e-03 -4.39653320e-02]
 [-3.60187445e-02 -3.98918735e-02]
 [-5.20729577e-02  1.90812472e-02]
 [-2.72997697e-02  5.42549550e-02]
 [ 4.30987195e-03  3.35476730e-02]
 [ 2.83510501e-02 -1.56044479e-03]
 [ 2.24650109e-02 -2.97816714e-02]
 [-7.96850997e-03 -2.57327483e-02]
 [-2.40465875e-02 -2.75941302e-02]
 [-3.81425458e-02 -2.39779302e-02]
 [-6.47102488e-02  5.69707760e-04]
 [-9.28915644e-02  2.53665644e-02]
 [-7.84561136e-02 -1.24715379e-02]
 [-3.43698516e-02 -5.72311537e-02]
 [-2.24252486e-02 -2.47492303e-02]
 [-3.40696994e-02  8.75251080e-03]
 [-2.36448202e-02  1.74368097e-02]
 [-4.97834214e-03 -1.45279701e-02]
 [-2.43700892e-03 -4.75404897e-02]
 [-2.64422537e-02 -3.24332074e-02]
 [-5.34524539e-02  1.19985648e-02]
 [-5.45188449e-02  4.23090250e-02]
 [-4.34078397e-02  3.74985107e-02]
 [-3.11100492e-02  2.30815715e-03]
 [-1.82412241e-02 -4.07862394e-02]
 [ 5.56823466e-03 -9.15211845e-02]
 [ 2.57995230e-02 -6.06498548e-02]
 [-1.20614014e-04  2.07997944e-02]
 [-4.79218009e-02  3.78019559e-02]
 [-3.45692448e-02 -1.88493284e-02]
 [ 1.39300582e-03 -2.71286862e-02]
 [ 2.78392986e-03  3.04041147e-02]
 [-8.02400623e-04  1.10838021e-01]
 [ 2.88258569e-02  1.09691806e-01]
 [ 1.47388667e-02  4.41365822e-02]
 [ 1.91208585e-02  1.90414577e-02]
 [ 3.78141190e-02  2.17263352e-02]
 [ 5.96454634e-02  2.72126341e-02]
 [ 4.03958195e-02  2.67060090e-02]
 [-1.29325332e-02  3.59077699e-02]
 [-3.16208469e-02  3.29850257e-02]
 [ 1.26347286e-02  1.94062790e-02]
 [ 5.93504701e-02 -8.62110923e-03]
 [ 5.20080688e-02 -2.01904016e-02]
 [ 5.41313469e-03 -2.44300711e-02]
 [-2.51977620e-02 -1.61015912e-02]
 [-2.59003048e-02 -2.52781543e-03]
 [-3.03711426e-02 -4.55696383e-03]
 [-4.41520282e-02 -3.26298277e-02]
 [-2.86158047e-02 -5.45474151e-02]
 [-6.14407283e-03 -2.83662168e-02]
 [ 1.33374958e-02  1.84962078e-02]
 [ 5.40697976e-03  3.24492615e-02]
 [-6.74806565e-03  1.68800604e-02]
 [-1.21219192e-02 -1.18215619e-02]
 [-7.56659946e-03 -2.73216606e-02]
 [-1.58698968e-02 -4.13043036e-02]
 [-4.28496027e-02 -6.49680054e-02]
 [-4.55845395e-02 -6.29629119e-02]
 [ 6.10307621e-03 -4.66123545e-02]
 [ 2.02347146e-02 -4.44549648e-03]
 [ 7.39748137e-04  2.63954681e-02]
 [ 2.48354545e-02  3.84917558e-02]
 [ 8.17820362e-02 -2.14165050e-03]
 [ 6.19348541e-02 -7.17834318e-02]
 [-1.68392545e-02 -4.96903555e-02]
 [-3.80249245e-02  6.87945925e-04]
 [ 5.32050422e-03  1.37277832e-02]
 [ 2.27493750e-02  5.23901038e-03]
 [ 6.41312917e-03  1.90060113e-04]
 [-1.74087356e-02 -5.02583457e-03]
 [-2.33696714e-02 -1.15128196e-02]
 [-2.28488045e-02  8.94739217e-03]
 [-6.26375638e-02  8.25426685e-02]
 [-8.23456738e-02  8.54807563e-02]
 [-4.56338750e-02 -9.01556473e-03]
 [-1.00467690e-02 -4.20824611e-02]
 [-7.85241104e-03 -1.75052386e-02]
 [-2.03401763e-02  2.40399715e-02]
 [ 1.04589635e-02  2.69181977e-02]
 [ 1.72322395e-02  3.31516835e-03]
 [-2.90102283e-02 -1.69281146e-02]
 [-7.43234568e-02 -1.60667960e-02]
 [-7.07054208e-02 -1.68828654e-02]
 [-2.72535663e-02 -1.65666880e-02]
 [ 2.63226208e-02 -1.76313418e-02]
 [ 4.64221200e-02 -2.41744392e-02]
 [ 3.77246241e-02 -1.19172762e-02]
 [ 2.72476918e-02  3.63931189e-03]
 [ 2.40764000e-02 -2.00478164e-03]
 [ 2.48299352e-02 -1.53962363e-02]
 [ 4.88937952e-03 -2.36090803e-02]
 [-2.04810241e-02 -1.09619892e-02]
 [-1.53454116e-02  1.92914909e-03]
 [-5.24598110e-03  3.49610136e-02]
 [ 8.62904326e-03  6.86114527e-02]
 [-1.86082165e-03  2.86033291e-02]
 [-2.26438799e-02 -5.25134020e-02]
 [-5.97232518e-03 -7.99845761e-02]
 [ 1.88538618e-02 -2.43848950e-02]
 [ 2.11459207e-02  2.09456051e-02]
 [ 1.75385880e-03 -4.89507381e-04]
 [-1.78599366e-02 -2.41497702e-02]
 [-1.56712987e-02 -6.23389248e-03]
 [ 7.45643893e-03  5.25148960e-02]
 [ 3.91562285e-02  6.65306290e-02]
 [ 1.12501318e-02  2.78418952e-02]
 [-3.60066725e-02 -7.38067985e-03]
 [-3.67066036e-02 -1.07235930e-02]
 [ 6.76379417e-03  2.73901362e-02]
 [ 3.25675349e-02  2.70527671e-02]
 [-1.48151110e-02 -3.33964832e-02]
 [-1.03968102e-01 -8.14595457e-02]
 [-1.04943232e-01 -5.87597206e-02]
 [-5.13277820e-02 -1.14071558e-02]
 [-2.48854434e-02  1.33093488e-02]
 [ 5.89529236e-03  2.87023430e-02]
 [ 3.36409485e-02  4.18807866e-02]
 [ 1.49717241e-02  3.09049599e-02]
 [-1.74433078e-02  1.09000071e-02]
 [-3.11737678e-02  2.02212511e-02]
 [ 4.51845876e-03  4.63566020e-02]
 [ 4.02517366e-02  3.43240608e-02]
 [ 1.22547374e-02 -3.22278966e-02]
 [-3.08332750e-02 -7.82400958e-02]
 [-3.76662873e-02 -7.36500438e-02]
 [ 8.74455205e-03 -4.30465597e-02]
 [ 2.73718265e-02 -1.85560901e-02]
 [ 2.37149364e-02 -5.35065984e-03]
 [ 9.04844645e-03 -1.98157144e-02]
 [-8.29370501e-04 -3.03489146e-02]
 [ 1.40501923e-02 -2.31477226e-02]
 [ 2.61180877e-02  1.53595758e-02]
 [ 1.44107147e-02  4.54624333e-02]
 [-3.01953938e-02  3.10429815e-02]
 [-4.38640463e-02  6.48766952e-03]
 [-3.32943894e-02  1.76059531e-02]
 [ 2.05855517e-03  2.60961489e-02]
 [ 9.71426068e-03 -3.07013273e-02]
 [-3.72212149e-02 -1.00545980e-01]
 [-4.87066791e-02 -6.70404259e-02]
 [ 6.09884167e-03 -9.04557889e-03]
 [ 1.09518125e-02  2.30994978e-03]
 [-5.36869260e-02  2.23626363e-03]
 [-1.32362107e-01  2.37238501e-02]
 [-8.53818961e-02  1.54525531e-02]]
[ 0.15884203+0.32983297j  1.55266198-0.57053225j  0.25208488-0.52872883j
  0.48655564+0.66839517j -1.70102472+1.16626685j  0.32299714-0.15138638j
 -0.08555528+0.85847663j -0.42029293-0.96405924j  1.08565452-0.35381943j
 -0.48661897-0.2296327j   0.59186203+0.53667756j  0.36877065-0.98968796j
 -0.29124284+0.61269085j  0.01787332+0.4149083j   0.16903045+0.14209083j
  0.28524637-0.38328625j  0.7315052 +0.80853011j  0.3858252 +0.22192547j
 -1.09394441+0.59708881j -0.75921487+0.32925095j -0.22270064+0.85297637j
  0.80305453-1.19651968j  0.74622472+0.47568282j  0.59875954+0.72093694j
 -0.30850757-0.58117407j -0.24619153-0.2475823j  -0.54525833+0.81469969j
 -0.90843568-0.216869j   -0.5140593 -0.15505641j -0.19153064+0.70157166j
 -0.47634612-0.1113866j  -0.52217479+0.0658534j   0.27529166+1.39929193j
  0.47152963-1.18011805j -0.52972067+0.17540539j  1.47546895-0.73678807j
 -0.22520903-0.28636205j -0.57741883-0.95427307j  0.33340226-0.56749009j
 -0.63534922+0.6905217j  -0.59782614+0.07699443j  0.20286877-0.42128788j
 -0.26731318+0.8259052j  -0.44348131-0.74275503j -0.79498747+0.08856154j
 -0.49030369+0.14713168j  0.31550664+0.56743181j  0.74774551+0.04348424j
  1.63122223-0.53981626j  0.19353856+0.62183377j  0.02987686+0.17919591j
 -1.56352461+0.67306889j -0.24715211-0.46679037j -0.77506385+1.47163799j
 -0.28259644+0.46185124j  0.00667344-0.41068961j  0.73065757-0.38919556j
 -0.98880448-0.01646688j  0.38056326-0.09113378j  0.79497725+0.29835676j
 -0.36473093+1.0426889j   1.20880136-1.07909352j  1.24596284+0.1050177j
  0.89521776+0.58451772j  0.38790902+1.00801771j  0.17533797+0.01888762j
  1.035728  +0.64254183j -0.07519005-0.1889244j  -0.29088932+0.28294792j
 -0.48331258-0.0243683j   0.12653668-0.87252431j -1.15303905-1.45032283j
  0.15277134+0.66789497j  0.70111975+0.94326893j -0.77735785+0.57009835j
  0.6537754 +0.16022032j  0.64877619+1.52264452j  0.18164707+0.87569705j
  0.3573024 +0.69463078j  0.77123816-0.83553049j  1.05637245-0.39349884j
 -0.10749018+1.13077965j -0.38282859-0.45658218j -0.66737891-0.81527171j
  2.69321509-0.79772594j  0.41881319+0.5886192j   0.1855414 +0.19005952j
  0.18670582-0.93400487j  0.01784489+0.21464734j -0.05396395-0.46045885j
 -0.47932474+0.58023099j -0.1294114 -0.17507322j -0.14112425+1.53449782j
 -0.56184717+0.62571939j -0.22793185+0.60699154j  1.51032885+0.24400669j
  0.21316774+0.40926349j  0.39040036+1.00808717j  0.44908723+0.44440061j
 -0.25195427-0.47825637j -1.30429364-0.72002431j -0.51734079+0.38349314j
 -0.64472899-0.43499616j  0.46505457-0.09172655j -0.01689824+1.05376j
 -0.06262313-0.55322541j  0.30724036-0.22759414j  0.18422299+0.55606233j
 -0.06209332+1.32254894j  0.01867791+0.84834542j  0.68211466-0.3953002j
  1.03199623+0.65922254j  0.16241956-0.06596931j -1.07111775+0.26673905j
  0.47035224-0.49617668j  1.39402323+0.65051882j  0.73919439-0.9765191j
  1.27954254+0.20189689j -0.30766571-0.90323968j  0.32704927-0.17435447j
  0.14136453+0.47234261j -0.17133612+0.66606739j  0.90272191-1.16053409j
  0.34594924-1.81896197j  0.36937485+0.3512782j  -0.4387799 +0.98841823j
  0.42321947+0.60737483j -0.00462351+1.0553251j  -0.66817305-0.0752506j
  0.40459253+0.67503828j  0.20450739-0.70006951j -0.38203584+0.61242215j
  0.02009185-1.58059631j  0.15830857-0.20844536j -0.18915641-0.95268868j
 -0.60616159+0.89460182j  0.33074139-0.27099525j -0.34791672-0.12292485j
  0.09140594+0.11247901j  1.01346692+1.03739898j -0.57708167+1.11197612j
 -0.15474683+0.9550174j   0.19563385+0.05536254j -0.98448949-0.75077178j
 -0.30097526-0.44502605j  0.46521894-1.01979417j -0.37574203-0.50732328j
  0.45877686-0.69946663j  0.6814172 +0.18502148j  0.46501953+0.62196386j
  0.13605396-0.9352657j   0.76274688-0.16678628j -0.11509696-0.69657579j
 -0.14234283+0.59501255j  0.0180492 -0.48084986j -0.40089334+0.43432757j
  0.0462335 +0.10925997j -0.63994397-0.20559254j  0.43566208+0.02055365j
  0.87409767+1.1492985j   0.10262742-1.11663546j -0.34299117-0.78396518j
  0.59429406-1.4466261j   0.69354461-0.35647885j  0.27193273-0.6308196j
  0.60499499-1.07440984j -0.20188755+0.62129938j -0.18034729-1.9486372j
  0.74198996-0.64556462j  1.27317774-0.19760187j -0.19972474+0.92892622j
  1.07365312-0.17101211j -0.32869026-0.48486074j -0.42827977-0.08274114j
 -0.32228737-0.72444756j -0.91207305+0.05038424j -1.24370089+2.01717227j
 -0.3666928 +1.00787376j  0.54085933+0.21272993j -0.57894356-0.22998247j
  1.49961683+0.37834063j  0.69509091-0.26911275j  0.42018125+0.36537724j
 -0.58278467-1.29999603j  0.23258314+0.50256771j -0.49784695+0.31207842j
  0.35958852-1.23884459j  0.57365521-0.75831988j  0.60070948-0.02005712j
  0.82823118-1.14392644j -0.06223254-0.00932392j  0.78781029-1.16426077j
  0.91911836-0.21962493j -0.28263712+0.26682598j -0.14019015+0.91305732j
  1.28379936-0.06161951j -0.00657564-0.06344973j -0.4918924 +0.11749096j
  0.38837554-0.65848453j -0.45902168+0.31840352j -0.71370455+0.04307103j
 -1.29702612+0.28990012j -0.88159951-0.07855413j -0.64963716+1.78115734j
  0.42053531+0.30594563j -0.65738958-0.33321944j  0.43668757-0.208852j
  0.36047185+0.47976665j -0.16828999+0.20919502j -0.07032539+1.23181423j
 -0.06072063+1.01615593j -0.24716423-0.57141465j  0.13081784-0.25593178j
 -0.40084342+0.23924158j -0.81212846+1.14614159j -0.52236582-0.8469391j
 -0.1347566 +0.01352834j  0.71531647-0.5431212j  -0.47809399-0.33931922j
 -0.56227439-0.89135597j  1.16403957-0.77292384j  0.04804257-0.86860457j
  0.09846909-0.79489626j -0.25842961+1.23046923j  0.02477264+0.08270871j
 -0.44915672-0.09500132j -0.69293585+0.38147377j  1.4431271 -0.18639818j
 -0.22296187-0.38384161j -0.27595184+0.37356933j -0.3574705 -0.58956354j
 -0.19408586+0.03722495j -0.36528847+0.24221451j  0.13181755+0.11044342j
  0.86117221-1.02768639j -0.22354071+0.3246892j   0.90697437-0.29947486j
  0.73927179+0.89834285j  0.50447083+0.43156329j  0.00951703-0.58100495j
 -0.74168306+0.08641557j  0.20585551-0.56318186j  0.74189371-0.91669718j
 -0.10806009-0.83241241j -0.41769315-0.16766743j -1.07450108+2.12759369j
 -0.07752427-0.22615584j  0.66646825+0.05739855j  0.73833214-0.13917888j
 -0.53288735+0.52673401j  0.72743277+0.67591246j  0.1798387 -0.40625996j
 -0.09463081-0.10647542j  0.0892369 -0.22113682j  1.27539122+0.2841738j
  0.95573327-0.34704351j]
p:  0.0031622776601683794
